image: perfect_basement_map.pgm
resolution: 0.050000
origin: [128.000000, -51.000000, 2.0000]
negate: 0
occupied_thresh: 0.65
free_thresh: 0.196

